0.0 0.478822198819012 0.15000000000000002
0.15384615384615385 1.3717003270152932 0.15000000000000002
0.3076923076923077 2.6861118949463805 0.15000000000000002
0.46153846153846156 3.0112359178994828 0.15000000000000002
0.6153846153846154 2.8058605213671135 0.15000000000000002
0.7692307692307693 2.6007519009057387 0.15000000000000002
0.9230769230769231 1.5829706514638997 0.15000000000000002
1.076923076923077 0.8865856335253747 0.15000000000000002
1.2307692307692308 -0.5630242574554762 0.15000000000000002
1.3846153846153846 -1.2550407856764452 0.15000000000000002
1.5384615384615385 -2.154882328828158 0.15000000000000002
1.6923076923076925 -2.843514633557275 0.15000000000000002
1.8461538461538463 -2.7542679741965475 0.15000000000000002
2.0 -2.5099739100461367 0.15000000000000002
2.153846153846154 -2.003302929317878 0.15000000000000002
2.307692307692308 -0.7737173978758531 0.15000000000000002
2.4615384615384617 0.22357993410013988 0.15000000000000002
2.6153846153846154 1.34959499424402 0.15000000000000002
2.769230769230769 2.433855308653502 0.15000000000000002
2.9230769230769234 2.9344587759912906 0.15000000000000002
3.076923076923077 3.1541659431926488 0.15000000000000002
3.230769230769231 2.5927100915880956 0.15000000000000002
3.384615384615385 2.229435139062112 0.15000000000000002
3.5384615384615388 1.0262787134502722 0.15000000000000002
3.6923076923076925 -0.14993248751280247 0.15000000000000002
3.8461538461538463 -0.8454034732171262 0.15000000000000002
4.0 -2.1958327377085767 0.15000000000000002
4.153846153846154 -3.072258117442398 0.15000000000000002
4.307692307692308 -3.079623544253864 0.15000000000000002
4.461538461538462 -2.8444781029390978 0.15000000000000002
4.615384615384616 -2.241657455453356 0.15000000000000002
4.769230769230769 -1.2705884078752303 0.15000000000000002
4.923076923076923 -0.04128731675739618 0.15000000000000002
5.0769230769230775 0.9646107251629832 0.15000000000000002
5.230769230769231 2.263594978711571 0.15000000000000002
5.384615384615385 2.8198327186243772 0.15000000000000002
5.538461538461538 2.761176075840255 0.15000000000000002
5.6923076923076925 2.8861381627368097 0.15000000000000002
5.846153846153847 2.202911828838827 0.15000000000000002
6.0 1.081279906460844 0.15000000000000002
